44324513904
36194341926
41123744046
3415602215
7764582800
42810648101
9260434486
41238514932
4524081095
44654482874
7312116388
3567696428
5538851636
26308047753
36600907737
8598760063
2302459992
14449940166
5933524868
3442411557
272435285
1952063297
19618465344
44507065346
8168308539
7689985831
1018496144
25943067465
4192235642
41910761186
11094558872
2201964326
15751385247
7152342126
13473947227
44127178344
1786905277
206985299
1563535873
981420107
4897067677
39767448440
44267918481
7942204856
5902353280
24163617982
44081055421
26167084933
33034985989
7245565161
5639267201
36145208098
44185503088
35780223289
37271877622
3531384970
4951039366
44657474582
33260089523
43963596836
21876990256
31622915630
5639037978
3582066315
13691774912
2631723340
37136058401
255355749
1144610159
1714370233
44450967087
35189727562
44098423558
224298191
1519246237
14830620319
40382049113
6470243694
44676216655
44433261452
2820467163
7997635694
7163230956
3561500352
557663453
8712163940
44671856748
44100268151
4225133324
3247703661
44472636997
6205558456
4748163810
1042617451
5865419801
12860396052
40527531283
42589486265
44112390295
521973120
16593821460
44679024475
29100567925
41157007434
16139600876
3178199667
44401960900
34439752708
34616956806
10220112507
44451038858
2099734529
43361249600
8475752041
13725640944
3494396393
42486609766
7442511768
28848123351
5383669401
17760955050
36842981558
30379593003
37295436712
25389905751
9370465186
44323537496
40909139963
41140245300
9181784102
42298959630
4530971897
44344152063
2011334140
44334049025
1811493588
1131286207
35425201449
16366234239
12056313185
1595222749
3257197076
38207202792
44645323809
3966275141
40272142645
43654140544
7545378040
12973733943
37394988992
39603801986
33407821122
5629755787
44661234160
10378280909
4540727521
44082433720
41161247377
23287265666
259381217
2153628140
3299865871
19248386101
44666577658
6894596861
30064311420
10630502610
44112726997
25008164761
40758206409
41071735815
41182191451
2213027434
32017123108
40435877920
3209113323
43874017709
39617945517
8068013848
1643371186
31832088196
31555564134
10220537446
43040953038
39407641638
36010375928
44312003823
25006352589
44082431645
44288121682
5493523112
9231667217
39314687641
2707134971
6791270005
8340912195
3185615878
214095016
9292325095
354693167
21233141700
20774234090
5965454472
32771359347
44481936925
5859865412
39621129147
44204986805
43013101730
39547546283
14219752291
6897380778
3238360449
5433095141
10171080110
289360761
44279327636
8440968178
44103431453
36250653193
38576006746
29541598905
3911676838
5747029684
44070115717
44340616356
28989983002
40016428363
7171608537
44662370093
44271754355
6939886661
10461769136
40866982035
26803144289
1981601119
44655577492
8277563367
1505638050
7354052893
41632270734
25773486487
1589990232
26337709291
44436473519
8599192178
2325198233
20828914645
7068831558
39947347015
7151810187
264014271
33537902037
1789278394
8281891467
43843434174
29166001711
4320254869
43850582611
7695115558
8682497170
12857824092
38907277757
31827716134
5430796375
9127730182
43883130365
3967487241
40636424128
5874102267
42506262993
16890784828
2242340982
2260198946
2029644263
43796727702
37511026791
6248339046
1975234714
44062638975
44290414737
38991153708
11902561047
3764583356
37461280611
2262059485
44471484814
44203140476
43872789508
44109087331
44294805633
2437959756
44315059355
1532914577
27245271490
8226963401
8660220553
42862962329
6234610817
11584751804
44412577962
8657972554
38433094903
34428041445
7948454985
33299454330
8454754030
7129807415
5676151307
7705343535
44502546105
44111777627
10964321928
1655384443
44005600865
34023723314
8677103431
4533098479
36514261130
8485118971
41366658871
5697711846
16948057499
5880689577
7605752856
41611900314
44455291450
9165113416
44657226599
18096741527
38969505197
32799329091
38424855796
8434606505
18618009009
5743678506
8694871016
3654453189
41643318847
8012256667
43926359868
6163001637
31581537143
617080982
36086915334
44226034224
9200499812
44237910918
13314030576
39281870641
11070741185
43369642034
44513704656
11761377883
6012266325
33171615237
5513334483
1524390776
43864589568
6154540377
44311931862
44291118390
38918791252
5648823413
1985954736
39755261932
12548413296
44443315955
43005937047
36423139321
591620945
6686260931
4314333552
4291174943
2047244902
21508972854
42410150442
39989343876
6472795638
7192852785
18797785612
18504654865
44001375558
11852429873
36747372342
39775035298
1403401736
14062249704
11211290166
7884419579
5879648072
39617719563
1075709813
9400666208
8209437434
44473180776
1501637873
38768416543
10928135520
34449901864
44279647875
5432022017
2298273811
29833718035
9301044552
43972239005
32545868667
1668167393
5571345211
16645462558
7706372844
44667297676
10883216228
34576148312
42531145793
43756867965
38333391717
28835648635
7390893729
30726101855
3033839417
6500127
44441782949
8092897354
44122379981
16022068719
5854954681
44475336647
9492365745
220262936
1756638488
23110365207
5495622300
8298445313
2459405842
27053859327
43053186856
6997882014
1706494945
27849579888
11677732542
36833960433
44238646716
44294275376
1655121859
2165797266
10485345385
44047327351
44290334269
2193749181
43879501131
22354286505
1376833
5319249306
12813207376
1279210597
44124957635
44289198817
15854684580
44226854684
9788959505
1560283036
44444711411
3921260211
8647458295
44400239804
3849448411
32432617927
32819406432
25047911262
41680464877
35582629006
44104238399
35097676973
18374391396
28805566991
43982116395
6926681471
4571163342
975178324
42730944693
31289067365
6610708150
31286333777
6955846856
44496897882
43242837564
42537713774
31843583643
44192573031
38903705279
44665129842
9280435327
9165304156
8738671236
2252715886
43255965272
44457541309
11681582885
3945428259
20343772131
22390205747
7723704219
44465197397
37033068121
44468363946
42782302366
32012191362
7767128049
43893990946
4237388314
6940321583
43964527675
1909500224
23312543236
6902439336
3321311170
1284214307
8053706875
26427386726
37563620653
41334703930
37630044363
44493250827
44087583553
655236088
5516464376
2322012253
7073246881
5786364663
7407478662
4251517619
12524382380
4008985093
37872115430
1266937407
29802573650
5568414082
5577153668
44452654142
42639692032
41364066228
40169935825
32682574393
2005439482
36819767750
21601091449
42090929113
6292491928
9754343998
16508029352
1778991565
11380092129
21248668522
26109176818
38997273179
9427857542
12051412519
2086028781
21754038631
32736530506
1553709616
44671752603
33488960459
44303276247
4402788
7244751403
1790701654
44107095289
7098786167
23945539443
44434245810
5804819350
6106256753
31684539220
16148214195
5462778107
3604368323
39159539924
44289883031
3079690913
38065490241
44137786944
15954903753
29045430138
28651983400
44469532546
17627394298
2124230999
31544415992
37813606611
2088680247
7366726380
7249142704
26280232522
5366092196
44512544604
44448030852
15758703032
32342424467
43886550396
7021993404
35429284785
20061236135
44477124372
7725812624
43974215974
30067480520
7039893935
32645336308
476284085
44667705378
2785137210
1421210948
44436770055
44463349811
1486024843
3097677966
2186474441
8005456705
39036001748
20769726528
43890477666
1928216511
1997489822
326682508
38308024308
8184353206
44509800134
21231567148
40326361452
6284545117
7856707176
18434265237
21863422879
44489482833
544875889
14712472739
44293829887
1093600867
42263806322
5090773622
43068256590
1798052372
8131765266
5890264088
44517352191
39011119279
3126545090
7887398996
2244089808
5901350788
42969640437
4172054118
1619075222
44497634437
7769966185
4242162598
39922819219
5609800373
7869675159
1600297246
30322565039
8544067938
43627737390
37573100478
43860581052
5970159677
7269060104
44500970006
40415274752
8314489219
23805585961
19749854164
24188114000
17143067362
1901281734
35284670797
33904619126
335345374
4343128413
36167022306
8163883515
44643147485
37519769649
44499144990
18108937641
41183569270
3655014668
14692402723
44086457428
245165047
7983359925
9008941473
7324282230
3186726816
44461998039
1091081298
2162683673
2295540302
32345348941
8399619035
20454100760
8310172377
44506400328
44299669093
21712561690
11713343592
38559454892
6061739733
1522733946
23115090996
3502245222
28363723917
5332984283
241003411
24791805386
5531667575
26452945392
39840884995
38819409826
10489926737
39912361026
1395005290
9414089280
43987540163
44084511552
43962047631
8583070943
39316313483
39847506891
4171536055
2347331229
32887474884
44103143069
38739093995
5794604453
27675179579
1420286756
44646640401
39541430819
12128733521
14569994793
8125872579
6754836423
44107309228
29149777410
42840338773
857605356
2175467172
4203562915
32987609405
1905160698
7264671669
44503849596
11839990105
8010472893
44111319112
3669175803
11693103377
40528329149
8542992418
6294690980
32984275723
37312711767
1331851787
43761028111
6127105262
5510273125
1487822682
44658426484
732602766
5640750762
7152505122
44090606145
32498819430
1743952077
3051750831
42003257452
6791453761
44502217935
29385336201
3297880039
12066519062
9018044797
29155068318
9073119878
44090970943
14965033641
8236214432
35430760787
7005873684
31749008573
8626008290
44482555764
44483923482
44680416356
44188150970
38036614551
20193642188
37170278
21931495549
6429429268
40938534796
5354898351
44320673638
14444783759
3116785328
1643271079
43065326674
40732869539
6860015199
44407022044
39442418127
44263212176
3429393864
26470670927
43618694989
12674173568
5686710797
8976389198
7572359272
37510140129
44495786092
8432795612
3857733
4535817203
44035965450
44482283875
35448503607
39778571477
33870254157
9416850079
6044425609
44481644013
3953663117
3694855182
43995575883
44466045443
40721649091
43089793462
191297848
2215682797
6406927207
9071149831
44437443315
1774352794
38751572827
43725618709
2414821525
28629406083
44515768159
285956443
41313203395
7522477737
182955282
17174533876
835985734
7949778754
2039166456
6375296667
189352208
21504610982
26832856821
19733383252
25719415646
1480133887
7460598440
5315268676
43815238289
44641188205
5721586625
2096472575
22245360975
17281525090
1466307035
31837818290
7470438761
44277391788
6842685842
40375339049
22274283060
887080206
44127800390
44508001077
44474819549
3928350896
3247267152
13068355
7193356021
20789548204
7209931738
7512748308
5834559904
5792299002
3302923519
7512744445
4344444816
271153344
1429573457
6683284833
30526398177
8138367491
4936854538
24793886050
44094447918
44411751237
4399145224
44278655691
13361427805
2086913589
8709383714
35572748907
44282110871
22240541739
8726968490
7590197
44281490496
1767886273
7146091678
44511416847
44494050663
27708925480
5577218180
44335344909
6993392471
28355729516
2283515378
29292327097
41693399428
6251853959
44488643235
43630599214
40176327109
5393314171
12124734895
2255216901
4006644785
253963209
29288327342
6917878221
3051111151
43846462149
4919493803
4291440271
13245165768
5449425689
6159553861
41251219915
4882603414
40626923168
15006818180
37687394278
196809021
3664556936
7737768464
11206881383
43897112767
2993465187
44117821254
31245321313
44493106637
44107006138
13036134775
7659931423
42817218309
2986593799
38195688998
5800898072
44419486697
4147055616
8131458531
44506649378
3252807583
18074104667
2980060344
3916908482
38036245839
36751727473
44291958054
3475666355
14972148925
29443002163
42095480241
43987293117
17804070307
44123850960
44221523340
14763192213
15453561646
39692158731
28446742693
43806693169
44323985997
4370753527
12804533532
8256973057
5380113267
12319192478
35547995503
6485259179
8598140079
38697788859
25750579194
28434479558
38249761425
38805292465
26054380227
40841795451
44285191052
44311579938
40104320408
8485955964
8269508587
325248982
9777797752
42590562447
37579821392
19571542023
39850406223
864136311
43872722121
7922123529
42535246279
37364378008
10129311070
696892062
32644214490
36555790281
39638630548
39191856902
30356723582
7448964068
3180578177
7604906052
4365332836
43553055906
21519842494
21711360834
44454162144
44491722824
8244237920
7138300868
13853855641
8530104606
38780325522
3599177648
33553738395
39131191630
44672809046
44452642704
3109638457
44485329024
40820423211
19123248418
11885094075
1509335628
12745093690
35551097168
40575457284
13338642449
13227013461
1752969093
44496682241
1764093009
26093592479
8472917706
1918450905
8497149692
6618126818
9413734441
3928595867
3954826525
1562407504
27129117696
4666544176
37859781220
31771389734
2623537019
44462307074
38501934171
2901090777
5357816847
25106872094
6700449729
280130283
3807761936
1538186745
2870717756
43961248011
15232897754
33613711622
211148538
42137823234
44484787673
44471050257
22984671435
44323977843
35397968429
44278463482
43286038900
44129748376
7884913828
42721486326
8252729967
315590300
33204946031
2323535261
4255255413
35132283748
44484531698
44120997715
44469250117
27601067978
8166166244
39490670
6410999058
2226844183
37571888889
37496424924
7661392079
44474964333
21047489400
1781543004
5406166599
8502787079
10349233760
298557264
10600458832
606969853
16025614261
8557180225
4016198992
3052745972
9173924860
44319858539
8727680174
27175413491
7992834409
40397066941
44503289804
26995026142
7194404013
13570966815
44659416027
2008054512
2065629497
44435255066
8622948696
44452014716
3955130687
4961693354
40901886390
32084876810
17893134705
41085387561
40663956583
913935535
36915312
1571172441
2245698311
4144285415
34131859
9171069571
35104133790
42642420532
8425403829
44310411849
3238127550
8505106454
8332265982
43009644567
6233315704
44647523584
39274408230
2964188029
19715219320
44469552944
6955717645
11552187917
8609797640
44295732809
44642321812
7351852772
30338598172
39362768642
8177772652
5447776609
13688773255
4558580424
2040900748
44654480390
3514358465
2344961458
3668722874
4552221160
3452626116
44460789421
22360501180
1706092058
40021260632
2288248329
2215726414
3805613327
6294016373
8466087214
10333492015
2133489107
22147941676
30409112388
2817625
4982183035
43352575602
33711217880
6842303862
30168765099
33013610616
29182873947
44338736194
44288654437
25515487181
5486657505
6892933543
33543339132
417595019
3292890608
8704143079
44020986047
44038910088
28828184199
21736344227
44107965877
40450301968
25870973381
18886978991
39863792576
10802323877
44655346745
44324785909
27520213873
44325328942
43951431983
16114191952
42363699565
16829398
38579171410
8465360073
2273512347
44114493811
35684063411
44509049015
42397761247
12563595511
40517919252
5344185288
4469088536
9692229
4662496859
38538389527
7059275876
2215990745
2107246994
8483021136
44244334454
4085807169
44492026801
43654086054
44314513897
4443340817
6986806480
5643121677
1325893410
6684195971
9515084985
39236036455
3032117309
44034285676
1158924279
41887525787
29133864095
1571333138
2029442833
6571080329
2734571788
44103183952
21371071719
38078102470
19269490840
5554455991
43751286151
5978695331
9275480269
13790192053
42857430310
8168208395
29618445858
43569053218
7371694013
5616112921
9961446553
44314914005
31699704845
29369931987
6834186533
44237784128
610214552
44246297189
30247707332
12636270765
28851576738
15978422932
7316747875
4180700896
43847981637
512781116
5912558068
31930459141
33994431342
44473036517
4530682483
44330489306
42583351556
44479308161
3109775372
31302369371
18751229387
7676122616
10365489991
7977884900
34908654216
18022862140
41053846259
44130497929
21479208222
26406370261
29281370399
2198090082
7395527147
35221505472
41803155775
26922590126
7620410667
743519556
12611717906
44269231660
20484757
9954516254
7899796587
6205986751
28728255856
10847497947
38088270410
44654314796
14024112489
8609555256
1400184167
12854313499
11071151303
9731975386
7449143763
493533415
38017430812
3170222182
9014364521
44299149290
18656952807
427021866
7266481883
7697305253
18003061548
430632834
44478124240
37536614402
6797836025
36863201949
4627301121
5356287796
3284419483
2375155570
8502026613
2324755923
7408517158
10132295367
44203738743
43882231989
3866866811
11115399383
3311972817
11704473867
42722998891
425709663
9515677198
44233499058
44227614044
32119699
4068932110
41667081976
21488949938
393778752
13577233980
6853442633
7884661752
5372638911
40392151294
37929164530
12404618248
44474802601
4826768824
42323511138
43414015202
6171829616
44675712813
19546646193
36121931019
8059211049
44648194631
6044373618
43807762690
3896276988
7065376515
4283802301
42801062257
38829073660
43780345831
42680776037
40858143350
6857400464
496407410
5769775836
44038358287
7442971052
1631293210
2031491077
8612421088
3103482190
41655808414
4291614241
7404861914
5449734623
44238194367
29910784674
37062883613
21772427600
44090721463
21607914664
612872933
4701112704
44306009198
37530875186
5158644
37282529254
29659624247
44665041454
12904694320
44641420041
37800482398
44079695952
29573750032
44515968147
40249105931
43092071358
35441346189
8194625615
20910488992
44299997203
44642907999
44212293106
579435397
4747770712
30028268183
5506444994
42448139708
38965385777
13580507569
21883833281
38750090444
9721294788
2338294800
43790381245
1747187981
29063111283
4099867096
18848045492
38570305729
43103620620
6238217767
44276652210
8686833184
38212117904
2329591568
44488905748
192326934
6750941027
44120030152
5698102725
34605475921
36037549238
8101926744
6230230429
5044954294
28691324472
1915132681
14101009905
44165719659
8924351292
6308485704
9020813507
1621412842
44051046264
24855140940
3969086709
2334007630
10668397997
285349058
1988728377
17562953406
41215761607
17455781438
44299941025
31789938862
44293104046
8309169293
33988159191
42432924031
43877927452
44410361913
6832109721
10586791643
42556145354
18004255227
13968829561
9878199501
5840562893
1409135460
21919660297
10396043068
44107583307
8383251492
39884934201
7706579268
4509994919
1443711726
21286521725
270522288
42920318010
26495956875
40986695680
42386216350
1624261872
43850900549
27733263300
34646161610
44502721904
4761743049
44493818847
44682280003
22379116697
44038116184
7249996481
44276100691
245759341
2685832535
43055158707
13392947232
42449616127
5877797317
31355792984
8535841610
6917371001
6953137279
7743318
33069719230
9481607026
1941099900
9159862439
44439038536
40015092139
25344662726
30245058288
39788624689
44326385616
5760509312
40218370026
497065951
42542945303
41945575283
12417034164
39021434125
9126363971
22326703137
44249240378
42090832193
2217728636
1650503667
39443962886
14233513266
27942353472
27271960907
43069626861
8027332624
34638675598
29635984892
2143235457
3257354903
8587004178
10009329550
40088379817
44123641438
44034711319
43061340567
5814390350
30280209226
42279934059
29043057944
2108862113
34230403531
9307756
44661138106
1483207159
23436744323
44312491557
3307443419
44493650706
39657027280
8270552546
9680549764
32202778236
40748944769
16643294885
8237806351
44304012803
42100752604
44322465992
44482274668
27739475337
23135386097
1152092794
40665001115
5826534187
8487536610
44506817030
35629239944
38283779225
1386364793
33436383604
8246444495
38106498334
23451111492
7191682729
15994142345
32580217334
44447150332
37376207356
26270541295
4470833001
32917268462
7229444163
5664214401
350487270
42799057572
3959568063
37455927526
44468965076
10335764379
19780558
31717094411
42826994920
38044362520
1096298070
3059313915
3035516048
27672089673
3477696907
44197968875
1811219957
1532373944
8948396191
6057704233
7137122223
8768948336
4278531447
5990500656
44317682707
214915152
7394255948
8438803442
7402773710
40054570926
44664281742
5465408113
38563922337
8494727144
38471713535
4183999296
32192279224
8379437362
7152011323
3321017598
41878263819
1488545187
12581921
7802846712
21887388002
44279871108
44498850150
33046667364
624278772
13611257007
9424788032
35705888999
44454756542
44404742109
44666681436
7221253247
44116613710
44452758302
32347360
3413224426
9073980810
1502501612
1668477196
7827474128
24259509821
44508248828
243737515
44513664374
44217993727
43862763664
9037645408
44654897959
44316419001
12105432425
44661546063
8462305038
36742974831
44287482322
30750588764
43643333075
7514426322
26039099153
38759371126
8644113158
11042386844
32542345994
30568378129
27204669000
39271864620
5558912814
8465830976
24500045924
7746380300
5668333385
3096442838
6365044513
5472235326
8016893369
28505779819
39531002124
32500452021
41825963884
6035738160
31063002433
29412951771
34669882036
6555889858
2273317708
41116793247
7375243035
25471847786
33182515296
806949091
8128925531
5692755527
6944972818
13983124629
44673856589
44250440525
40843165386
22008637268
3432135166
44446444995
44129027964
1125483548
22897217430
1908245846
44455869790
34153781385
40406386555
36669409005
44163527690
30151766
9757078353
1990252740
33502558912
33840168876
40483850919
18106969628
7718941552
38273270018
9424641996
3495289571
2229676099
40322494726
41125075745
44483467521
1320616136
39651825144
8004465223
12659083124
1547241460
4858600013
5990175093
7176518511
2280279367
6824594017
39668351555
41345237315
10147313282
44131780581
5896207464
4881711969
6391180479
3400724231
7333313515
5525744743
1488938106
44511032789
39289537429
2119911136
44648809830
16477932840
44415567428
5629013035
6927672273
42778679707
6819985751
9204085842
26341960607
44110783234
9308089719
30333382505
42109751685
214403667
44443511895
1528097031
14257023787
43288613766
43983415371
5109784478
1970102664
27706050355
36629538839
31342314684
3031405524
28267569704
8508617934
44422195592
37972299220
7994467228
9754795565
37444115244
7070459179
44649987301
25049754336
39153486967
44640404275
43822807186
30831599619
32473041954
8481259692
44066613722
44121621172
775768234
8160900638
44477068052
9552167983
2095123158
34110793403
11553227767
1830005565
5480917582
4737099060
607227039
7206979149
8162063004
1668819305
2313417707
36047970686
3520639780
5988804100
29153280118
44084941558
1914012819
44298332853
44452950602
43285216818
6069579586
4358296579
44300148816
36818784257
26901189300
44257270971
8498245585
7154461187
41594566909
42271277504
4233299045
37924901649
7377119915
9412748597
39171040009
31758157990
8566839041
6966483668
7607862715
6442565097
44315265541
6513640231
3426270961
6672669765
7725248956
44648882976
32700984774
20640673164
346617979
19041342932
32933058246
44117469990
11683587693
3041660903
262675305
9185481915
12973123676
7233833127
39488692991
35334794176
2081934185
44674392290
44488969922
7623701656
8892887279
17166871254
12309606490
269817749
44131244524
18813346654
13238429830
31617333052
14713794486
5500388653
39073089392
2019065000
2953708718
578397860
1145631629
44329201185
44246507545
32169850479
21270611019
23530724067
44008172409
40187275057
38212908422
40039915248
42813042070
13738560874
3105235625
42995612160
44107335392
180980594
44665841104
2888046145
2474069724
8591155956
8055918351
44137986856
43580306585
3094142679
44468533086
188597874
32047065472
44448511256
2991570398
42933684329
6657079388
3942340938
39372443307
2265690342
44281214979
14699306980
2262886906
4160715664
10807685860
9505696050
628799757
44073989327
7970756042
30634541195
44242502085
32182414936
9274546382
8465618968
44002275688
35546102422
41635070629
284955484
44318123095
17830009800
43651262133
2348139282
1430704261
42509067351
39306576539
32102976504
32804690001
51042397
39452386052
339324858
294972303
42605437672
23699327
37016668171
5505238296
6264896749
44465948616
5604733670
4576359052
2000821260
10693444419
36892093
9291210582
8040349298
282654291
43793168882
10432689964
44492850791
14193823295
43060076573
44220128775
44327497348
5398092353
43878575127
318302957
21307850708
26046813081
44486803082
9894994071
44288067886
7354033696
44424682411
3886770324
6061296207
44311682681
31475819172
4746249590
5344849670
27842143314
43880973411
23349032300
44490858821
25782621023
5494427305
35444461753
1774471056
2278444540
33793018703
37287087284
44334488716
1242406895
9872008290
31705406055
38540948588
6308605810
5653491154
3509158134
3622062438
4470006587
44502409748
44067599945
8461228228
5879593964
14744343035
5997140344
8658037266
44642363919
6802640502
25495908242
44100047778
6264052524
1788863465
35570501946
10112234280
5769156917
6953352229
42431644596
8763400065
44277887620
33134046653
7850705412
44126005175
220094246
10428788981
10017028427
44290286407
39384613044
43466503080
44302963906
27516124329
43556452786
38814778535
44110422386
3165547669
29295156680
38095429398
3034441143
41649304144
14338739661
42039383638
4177923438
5937604222
56152579
37196241
17466025114
4359360186
25472882846
183199986
40379167452
7308891433
23809107199
11859532629
44303944762
44315818295
1832858062
31706283179
38575918942
23404504666
175192014
8576689031
7027405537
40939152
39671634011
10268596741
40525903869
35851568588
5551894951
44497194280
3599531220
3577621026
30119626729
44481472149
44275999059
399495256
22833648562
22024103265
4793303336
44291598222
22374398468
5500755349
44274473557
37279669690
8366942475
8140137472
10707393706
40112616749
15444912442
39372220708
12512005571
44673224855
29169033210
4346422569
28836476564
39144759974
23323235323
26703554832
25500005431
8739566053
4905426962
43852899224
3141541065
36108421218
36175828287
44408055456
6913280766
5838215854
39185670885
3309525665
1713821544
38095813973
8467469934
4243277432
43074137024
8549721708
44444591037
207561492
7824452220
7146730029
6334520243
1473901731
3117455692
28811984702
8193093349
42431435576
4372536530
4432276467
2172613520
1438309383
2219920977
270898069
53344398
41102047285
855995364
390514744
7306369103
31918483
40740854765
42612812579
613630138
28485431889
6997665180
1002742130
2281797342
1272545353
9235198486
2943087340
40057016961
7634126449
3226642539
44469109037
44468013330
8163682948
4727876740
6108601226
1649780685
38335589630
44302428825
7917255793
44297601915
1603943568
18629087
14481821684
3029246062
3436666038
4262720910
1121898087
44435310521
35567959364
661897681
5867379003
10500414451
7461923214
1939138577
8084460247
44418122852
8594947521
2313333926
18622235628
3120585946
5745338837
36995683602
3920474765
36016670285
27507014482
33881901550
44471275855
2142976258
43782478922
44028058032
26229393110
1925888824
44321882292
3446247304
37713293932
3525813839
15748029557
43034184463
4001051949
14470242765
44025689408
6324530977
40580292107
44658040044
44418450903
40771413025
5348940167
6269725750
44306987087
4650624066
43268329999
44086250534
7448432049
3122453656
21298808709
7349666449
41092749497
6018121182
5819387877
28886807308
42626338426
34875348618
35794634022
4752221020
200033839
3639982213
30066956429
23106227536
40846243526
5862873609
29710588573
23902986311
30818350360
36631751111
7185533849
2536789709
19320017282
269316949
2290754162
43709774363
2083251015
4360055556
27226835525
179785657
10446374348
245005150
44038607445
44249205014
15513332879
44290040753
41714935864
35784424
5754546579
2245700657
3930162696
44642994664
8270364828
2013254455
1290956967
17529869405
1637005546
40046246838
455907544
5460466
15776656639
9889937042
44116278062
39450442133
4571217950
44043229879
238108716
6734243639
16272936361
27985572902
33028017048
25201302679
32817614171
32076557860
1937394869
1648673386
36867403205
44111693826
43604339465
1054878815
3452480212
2207156244
6316899296
44468061119
5616333357
25822744867
44314043755
3534198380
1785772875
5387283523
1814518180
15154500134
39036919984
40224545297
18262592699
44455325345
44312569360
7893078487
35944545749
44441245693
44125499822
2853980011
44119998104
44287723830
33516303473
178421284
44680168361
33679663283
24913813073
20681965839
20317152816
44302972552
9201506401
36775112536
10935439358
44109790110
7421767341
52470574
44493425617
320212346
39925855660
6175177238
12203211
494280406
44296243078
29677770437
4566413606
1423461587
248463503
5675163337
10005655594
6557487583
30335904847
35079359217
44313883537
7347416579
6752792343
37948212024
44124133620
44323273913
44205081529
5740671987
2350994753
2355584457
44325225764
3260843040
34913242301
12794247365
44460110180
3641019803
37503623559
4154033873
4637544712
39259767723
40745530654
44281654292
7056652645
34153468747
17536012230
15899356656
33103652
9269985926
374843644
43896376770
226357972
5956641562
44296328153
4308883015
43094654961
10638837111
5414913707
12276182327
39924513693
42344218157
35608791935
7104964290
18620177940
43866493278
27675709027
13810298473
8626315251
2673843080
1758816308
33692233012
43852383809
10741817990
39008751475
29628809
26728753887
44271566994
12774582072
44289405874
4219742698
37508645267
1331919608
8585703717
43894283430
9374580656
429062796
28353453935
3164127678
374629344
7052446767
43099156013
558647912
705713825
8509565813
38063083544
1543952479
21478474
27125103440
15014892092
6386898015
42821560255
41826210174
2152809032
29790685950
2248215351
9622661648
15429868035
9993116095
6865905779
6803295183
1504620594
38271702955
22573456368
2275527391
2362081551
44279357386
43222986036
5703867126
6857626154
44676552540
26523309863
5663065005
8017377610
6971936791
231574394
38658886253
9398107014
2287993652
9199866843
43760993211
4116580547
43282869289
42829278510
37479955648
3972124932
603145657
1910333484
1282296559
9635213672
26964305
43991347869
13623288892
4779245445
40191522207
3595701949
4549597287
26445141956
6108629877
44678840318
5805388222
43302220068
10085300821
4026576696
40218394272
6189832134
1588863513
39703773024
6293677679
44232860540
5952797321
34427442598
8781544898
30249864926
40575913181
36247225564
5741822211
315240661
22165132781
498750663
35454663482
7163699309
9247787118
43081068002
6673768830
44024624552
7462469792
568042951
1587465712
44451958631
22904098824
44648451377
2461458455
7557622812
1619901748
3207958317
644403933
23439115897
1913701150
9059916777
4317509407
43893692496
42187179895
3073776965
3096456321
2340575255
44137139806
2806111457
7969285665
25487856607
13477507918
29562507275
44269603028
44501368017
44075245508
493259212
5975511859
1684366468
38945577077
8046795163
195481333
37924808581
28146076331
1437411129
10732069066
25860095089
2021177311
44134772233
43691566743
7208096764
4381519366
1582779208
14049248280
8502602399
2299661944
2280198006
2289667337
8558860129
519133808
32273594261
44307003116
44292740756
13288646421
2143653392
24857658304
35311874266
36870109049
2076990415
6229916838
15652191658
5645779854
39970146781
1470357482
44448285384
13530990214
5949919816
37105386479
44677152612
44668233468
431766616
11561379187
44207347752
7857064366
17584869585
236518935
43705023211
26341796113
37071309078
44643243834
28460198235
44656850448
44667689471
8288952062
4483866900
2948343629
29712249956
6992983550
13834110394
1450239991
9001741814
38346492942
44676976702
14822745683
18028374343
1162708530
3961056360
1439558206
11879074236
1633196906
1684458963
30408501762
8578481384
13331779265
628675608
7293212303
8439161689
2095019336
6270689889
3067678751
1424293280
13155443
44474972369
3000842720
2285151441
33415751315
36606826491
3546362615
24020026011
4772745414
3781255253
10745013072
5682163697
176268460
44317817862
44460190146
38986739003
2921300341
44457302241
4732883847
4214722740
27549549359
10384805926
41176073175
41391787032
44028549455
1479014160
8288680938
183585801
3649729682
3230732069
12531327507
38759235140
7034121128
1400868840
4768821432
2095337245
44097207772
1619409273
6207699906
305984673
1827188907
28218063214
56073505
44473378838
40162496316
7944222146
8048484383
43713403682
5876505397
19036833322
441874607
27715208176
6105983896
5938311823
924822048
44270120623
1711895331
27786805741
3089395901
1574474928
13737352350
272482601
10880444651
27765717343
40580358624
1938513307
3640519277
13593263447
1786541089
324174053
145439820
2366429748
4126094413
44645538693
8342089529
11225209293
1474514442
8182363020
4157199626
1441026944
43253916218
39187925589
44116598027
43092553197
44664849624
44485811442
1429913500
43883107966
43771247955
4086254871
4326116515
4166613437
44276198678
3319650141
4352830242
32519269029
8533595219
245222279
4084797604
20826068258
17299652277
10233056
44307248866
8756727179
7659292516
1104735936
44252565386
1721959919
43014581705
381772988
328941774
16501136663
44331928913
5674973284
34507577010
2013132531
44641986905
9048350596
7783434485
31632405263
44219657092
5841636129
43289189740
176234473
42421821307
7269301126
8044645350
44656337637
2872484087
8003029700
2412294466
990450907
5799674069
6851874726
4111303597
4112434804
10461412976
3974776384
4335356766
274519318
32540430255
44649979131
6198127945
14828498444
16846368982
44053985892
31094363348
39492446161
2737527345
11928203301
13772813780
3999622258
7270026486
44046951212
2492746617
22130641440
37684531913
16966810088
5572132702
36846757099
43606402
19583310091
5378915155
44653610799
8697095631
1561447047
14824054281
32027442357
1129917446
8999246848
44127329417
44110055095
44281897879
42985395728
44677208525
5376857728
18107050470
26677128842
23450355697
42217018308
9256636261
44653745548
12104218752
1348332378
4587038239
1528526102
44334904947
4219157745
41129028924
2462688524
30189330040
35911151319
34956812620
6169575195
8415767636
44304376158
40747802643
6210811521
226949907
2119448341
33541019584
7266129104
44506721281
33922579403
1713926191
8198362963
3620166784
294123429
51742191
792872692
15057992619
44242949218
19788500953
29361836078
14011747432
2190315058
835017660
2903547957
264566004
44485803350
2052773655
1486093529
39465854495
44676456492
40912744296
1455111273
41804331193
34201352713
7083629294
44303194699
44511168048
4151794740
2327679997
3360878
41068800531
38771483192
44288470417
24725070349
184901560
44459741430
1999332582
4773584477
44024106826
44491610885
10822262026
2907501634
43520668851
3148007338
176177075
1978130512
40961437866
29050735968
2025669831
36512236515
44640364043
39855580263
7244710238
1647462393
10356573448
44270242700
7224723805
44506033083
32288858910
42738874581
1479151769
20439112514
4305779928
490883864
10630797647
247195128
8727073261
44306788047
8169381243
37290303691
3495752407
370494084
44296708438
788497018
8279813693
35425662294
39721731981
2876527801
42721768670
1408925693
4165888605
40349231638
3095752993
2236824670
39037985557
270677393
31627052894
41254231426
608738154
3104025699
2997264615
1626831668
8888804556
32679432271
44474228610
14808164656
27530407249
44291398253
5734240621
20240754473
5097486
7265809938
8991692100
33171656477
1330642130
5455216572
44674504796
1321283530
11287352105
2283423017
36862005396
143611520
44327089489
44470956696
18486035305
9296625466
38578756625
18388104617
223118482
4820260861
7845229875
